FANN_FLO_2.1
num_layers=3
learning_rate=0.700000
connection_rate=1.000000
network_type=0
learning_momentum=0.000000
training_algorithm=2
train_error_function=1
train_stop_function=0
cascade_output_change_fraction=0.010000
quickprop_decay=-0.000100
quickprop_mu=1.750000
rprop_increase_factor=1.200000
rprop_decrease_factor=0.500000
rprop_delta_min=0.000000
rprop_delta_max=50.000000
rprop_delta_zero=0.100000
cascade_output_stagnation_epochs=12
cascade_candidate_change_fraction=0.010000
cascade_candidate_stagnation_epochs=12
cascade_max_out_epochs=150
cascade_min_out_epochs=50
cascade_max_cand_epochs=150
cascade_min_cand_epochs=50
cascade_num_candidate_groups=2
bit_fail_limit=3.49999994039535520000e-001
cascade_candidate_limit=1.00000000000000000000e+003
cascade_weight_multiplier=4.00000005960464480000e-001
cascade_activation_functions_count=10
cascade_activation_functions=3 5 7 8 10 11 14 15 16 17 
cascade_activation_steepnesses_count=4
cascade_activation_steepnesses=2.50000000000000000000e-001 5.00000000000000000000e-001 7.50000000000000000000e-001 1.00000000000000000000e+000 
layer_sizes=4 4 2 
scale_included=0
neurons (num_inputs, activation_function, activation_steepness)=(0, 0, 0.00000000000000000000e+000) (0, 0, 0.00000000000000000000e+000) (0, 0, 0.00000000000000000000e+000) (0, 0, 0.00000000000000000000e+000) (4, 5, 5.00000000000000000000e-001) (4, 5, 5.00000000000000000000e-001) (4, 5, 5.00000000000000000000e-001) (0, 5, 0.00000000000000000000e+000) (4, 5, 5.00000000000000000000e-001) (0, 5, 0.00000000000000000000e+000) 
connections (connected_to_neuron, weight)=(0, -4.16724538803100590000e+000) (1, 3.03817701339721680000e+000) (2, -3.40341019630432130000e+000) (3, 1.58418130874633790000e+000) (0, 5.64523458480834960000e+000) (1, -6.39117527008056640000e+000) (2, -3.19196414947509770000e+000) (3, 9.57397460937500000000e-001) (0, 2.07295036315917970000e+000) (1, -1.85138785839080810000e+000) (2, -3.76424813270568850000e+000) (3, 2.69080400466918950000e+000) (4, 1.35843181610107420000e+000) (5, 9.29268121719360350000e-001) (6, 3.77770709991455080000e+000) (7, 3.58310222625732420000e+000) 
