FANN_FLO_2.1
num_layers=3
learning_rate=0.700000
connection_rate=1.000000
network_type=0
learning_momentum=0.000000
training_algorithm=2
train_error_function=1
train_stop_function=0
cascade_output_change_fraction=0.010000
quickprop_decay=-0.000100
quickprop_mu=1.750000
rprop_increase_factor=1.200000
rprop_decrease_factor=0.500000
rprop_delta_min=0.000000
rprop_delta_max=50.000000
rprop_delta_zero=0.100000
cascade_output_stagnation_epochs=12
cascade_candidate_change_fraction=0.010000
cascade_candidate_stagnation_epochs=12
cascade_max_out_epochs=150
cascade_min_out_epochs=50
cascade_max_cand_epochs=150
cascade_min_cand_epochs=50
cascade_num_candidate_groups=2
bit_fail_limit=3.49999994039535520000e-001
cascade_candidate_limit=1.00000000000000000000e+003
cascade_weight_multiplier=4.00000005960464480000e-001
cascade_activation_functions_count=10
cascade_activation_functions=3 5 7 8 10 11 14 15 16 17 
cascade_activation_steepnesses_count=4
cascade_activation_steepnesses=2.50000000000000000000e-001 5.00000000000000000000e-001 7.50000000000000000000e-001 1.00000000000000000000e+000 
layer_sizes=4 4 2 
scale_included=0
neurons (num_inputs, activation_function, activation_steepness)=(0, 0, 0.00000000000000000000e+000) (0, 0, 0.00000000000000000000e+000) (0, 0, 0.00000000000000000000e+000) (0, 0, 0.00000000000000000000e+000) (4, 5, 5.00000000000000000000e-001) (4, 5, 5.00000000000000000000e-001) (4, 5, 5.00000000000000000000e-001) (0, 5, 0.00000000000000000000e+000) (4, 5, 5.00000000000000000000e-001) (0, 5, 0.00000000000000000000e+000) 
connections (connected_to_neuron, weight)=(0, -1.29699781537055970000e-002) (1, 2.53837287425994870000e-001) (2, -1.39886355400085450000e+000) (3, 1.47205781936645510000e+000) (0, 6.29641950130462650000e-001) (1, 2.81026273965835570000e-001) (2, 5.54441630840301510000e-001) (3, -5.78658461570739750000e-001) (0, -5.13108730316162110000e+000) (1, 7.48684644699096680000e+000) (2, 2.73607444763183590000e+000) (3, -1.37075853347778320000e+000) (4, 1.07427778244018550000e+001) (5, -2.79169738292694090000e-001) (6, -3.23323822021484370000e+000) (7, 1.50944006443023680000e+000) 
